8	15	2	2022-04-29
5	34	1	2022-02-21
9	48	1	2022-08-02
10	40	2	2022-10-17
10	68	3	2022-04-07
10	58	3	2022-05-13
6	67	3	2022-07-31
9	22	2	2022-10-11
6	45	2	2022-05-13
10	14	1	2022-10-14
5	65	3	2022-09-03
4	98	3	2022-07-04
7	13	2	2022-08-17
8	71	2	2022-02-20
7	99	2	2022-10-06
4	41	2	2022-04-11
8	32	2	2022-06-10
4	10	2	2022-08-26
9	59	3	2022-03-08
8	21	3	2022-05-29
6	95	2	2021-11-21
8	29	1	2022-07-12
5	85	1	2022-05-25
5	64	2	2022-01-16
8	57	3	2022-11-12
5	49	3	2021-12-31
8	10	3	2022-01-13
8	51	3	2022-02-26
6	83	1	2022-01-15
5	88	2	2021-12-30
7	90	1	2022-09-04
4	82	3	2022-06-19
8	84	2	2021-11-15
5	66	1	2022-10-19
8	23	2	2022-08-08
8	8	3	2022-04-07
8	70	2	2022-10-05
4	82	3	2022-11-03
6	75	2	2022-10-01
9	50	1	2022-04-15
6	99	2	2021-11-17
8	73	3	2022-09-30
9	96	3	2022-02-21
9	32	1	2021-11-30
9	14	2	2022-02-25
5	72	2	2022-01-12
7	12	3	2022-03-18
7	88	2	2022-04-14
6	22	3	2022-01-01
5	39	1	2022-03-18